X, Y, T, Action
0.59338, 0.825538, -1.53261, GoToPosition
0.59449, 0.827534, -1.55524, TurnToAngle
0.594014, 0.827375, -1.5375, TurnToAngle
0.590196, 0.825426, -1.44823, Turn
0.578605, 0.819198, -1.15392, GoToPosition
0.574108, 0.815881, -1.0263, TurnToAngle
0.569933, 0.811621, -0.895929, Turn
-0.00174817, -0.00170122, -0.773922, GoToPosition
0.561863, 0.801862, -0.620447, TurnToAngle
0.556485, 0.794138, -0.407897, GoToPosition
0.554935, 0.789993, -0.310417, Turn
0.553683, 0.780094, -0.0888434, TurnToAngle
0.553471, 0.776305, -0.00254837, Turn
0.553666, 0.772403, 0.0836626, GoToPosition
0.553698, 0.769032, 0.15952, TurnToAngle
0.554442, 0.765027, 0.251121, Turn
0.555506, 0.762164, 0.318919, Turn
0.556327, 0.759292, 0.384692, GoToPosition
0.558368, 0.756129, 0.46814, TurnToAngle
0.561077, 0.751327, 0.528588, Turn
0.564807, 0.747866, 0.646208, TurnToAngle
0.566175, 0.74695, 0.735544, Turn
0.569432, 0.746856, 0.787473, GoAhead
0.603277, 0.779931, 0.873136, GoToPosition
0.616351, 0.795495, 0.878913, Turn
0.638134, 0.822357, 0.873432, TurnToAngle
0.65541, 0.844835, 0.835426, GoToPosition
0.679922, 0.874086, 0.781296, TurnToAngle
0.699567, 0.895204, 0.781296, Turn
0.741217, 0.935144, 0.657596, GoAhead
0.784311, 0.970264, 0.571675, TurnToAngle
0.813957, 0.989574, 0.560161, Turn
0.831087, 1.00029, 0.565049, GoToPosition
-4.02847e-23, 3.10712e+32, 0.602352, TurnToAngle
0.880858, 1.03035, 0.643492, Turn
0.905056, 1.047, 0.683044, GoToPosition
0.936143, 1.07049, 0.738817, GoAhead
0.975495, 1.10458, 0.816604, GoAhead
0.995937, 1.12595, 0.819124, GoToPosition
1.00591, 1.13662, 0.819027, TurnToAngle
1.01586, 1.14728, 0.818956, Turn
1.04279, 1.17637, 0.813938, TurnToAngle
1.04279, 1.17637, 0.790161, Turn
1.08097, 1.21858, 0.709961, GoAhead
1.09443, 1.23205, 0.670304, GoAhead
1.11546, 1.25172, 0.670304, GoToPosition
1.14031, 1.27311, 0.625117, GoAhead
1.15207, 1.28181, 0.622754, GoToPosition
1.16401, 1.29029, 0.622792, GoAhead
1.17986, 1.30164, 0.62285, GoToPosition
1.19172, 1.31015, 0.622865, GoAhead
1.23922, 1.34426, 0.62286, GoToPosition
1.26694, 1.36414, 0.622897, GoToPosition
1.29066, 1.38118, 0.622877, GoToPosition
1.31444, 1.39825, 0.622863, GoAhead
1.32233, 1.40392, 0.622876, GoAhead
1.33423, 1.41248, 0.622872, GoToPosition
1.35005, 1.42383, 0.622865, TurnToAngle
1.35797, 1.42951, 0.623106, TurnToAngle
1.37141, 1.4393, 0.636635, Turn
1.41061, 1.466, 0.676147, GoAhead
1.43437, 1.48343, 0.715902, GoAhead
1.46453, 1.50787, 0.767871, GoToPosition
1.48185, 1.52316, 0.801503, GoAhead
1.50563, 1.5479, 0.804082, GoToPosition
1.51577, 1.55844, 0.804017, GoAhead
1.52587, 1.56895, 0.804011, GoToPosition
1.53601, 1.57947, 0.803955, GoAhead
1.54613, 1.58998, 0.803949, GoToPosition
1.55964, 1.604, 0.803875, GoAhead
1.60353, 1.64955, 0.803781, GoToPosition
1.61708, 1.66357, 0.803756, GoAhead
1.62722, 1.6741, 0.803794, GoAhead
1.65762, 1.70564, 0.80388, GoToPosition
1.66775, 1.71614, 0.803887, GoToPosition
1.66775, 1.71614, 0.803833, GoAhead
1.6914, 1.74067, 0.803893, Turn
1.70491, 1.75469, 0.803867, Turn
1.72897, 1.77979, 0.79846, GoToPosition
1.75449, 1.80786, 0.708322, Turn
1.80258, 1.85396, 0.654857, GoToPosition
1.82448, 1.87231, 0.614349, GoAhead
1.84709, 1.88976, 0.573874, GoToPosition
1.87359, 1.90862, 0.526274, GoAhead
1.89892, 1.92343, 0.52379, TurnToAngle
1.91583, 1.93317, 0.523961, Turn
1.9459, 1.95044, 0.527888, Stop
1.99896, 1.97953, 0.656233, Reaction Braitenberg
1.99526, 1.97495, 0.656233, Reaction Braitenberg
1.97646, 1.95074, 0.717438, Reaction Braitenberg
1.96561, 1.93161, 0.900485, GoToPosition
1.96561, 1.93161, 0.900485, GoToPosition
1.96202, 1.92303, 0.952319, TurnToAngle
1.96317, 1.91719, 1.04688, Turn
1.96465, 1.907, 1.18041, TurnToAngle
1.95636, 1.91506, 0.907165, TurnToAngle
1.95028, 1.91867, 0.759149, Turn
1.94591, 1.92337, 0.61738, GoToPosition
1.94258, 1.92866, 0.476962, TurnToAngle
1.93998, 1.93439, 0.334903, Turn
1.93642, 1.9483, 0.0125969, TurnToAngle
1.93627, 1.95574, -0.154426, Turn
1.93714, 1.96696, -0.400508, TurnToAngle
1.93851, 1.97333, -0.542034, Turn
1.94586, 1.98146, -0.787782, TurnToAngle
1.94807, 1.98489, -0.87557, Turn
1.95037, 1.98835, -0.96566, GoToPosition
1.9538, 1.99198, -1.07356, TurnToAngle
1.9565, 1.99445, -1.14948, Turn
1.9594, 1.99574, -1.22175, GoToPosition
1.96315, 1.99716, -1.31439, TurnToAngle
1.96569, 1.9986, -1.37906, Turn
1.96844, 1.99958, -1.44466, GoToPosition
1.97162, 2.00066, -1.51887, TurnToAngle
1.97322, 2.00106, -1.5546, Turn
1.97638, 2.00192, -1.67601, GoToPosition
1.97784, 1.99736, -1.67601, GoAhead
1.97214, 1.94047, -1.76317, TurnToAngle
1.96554, 1.9071, -1.76335, Turn
1.96272, 1.89275, -1.7633, GoToPosition
1.95868, 1.87334, -1.7633, TurnToAngle
1.95214, 1.8453, -1.75921, Turn
1.94466, 1.807, -1.65931, TurnToAngle
1.9413, 1.78626, -1.61605, TurnToAngle
1.93691, 1.78471, -1.57483, Turn
1.93625, 1.75366, -1.42387, GoToPosition
1.94092, 1.71432, -1.42387, GoToPosition
1.94559, 1.6851, -1.32886, Turn
1.96097, 1.61789, -1.24902, GoToPosition
1.97078, 1.59074, -1.28103, Turn
1.98038, 1.56357, -1.32281, GoToPosition
1.98675, 1.54363, -1.36055, TurnToAngle
1.98911, 1.54336, -1.41477, Turn
1.99312, 1.54477, -1.50734, GoToPosition
1.99312, 1.54477, -1.56982, GoAhead
1.99586, 1.5455, -1.56982, GoAhead
1.99961, 1.5422, -1.61688, GoToPosition
1.99834, 1.52469, -1.6726, GoAhead
1.99723, 1.51495, -1.67221, GoToPosition
1.99511, 1.49542, -1.67221, TurnToAngle
1.99358, 1.48083, -1.67174, Turn
1.99035, 1.44995, -1.6714, TurnToAngle
1.98562, 1.41274, -1.63215, Turn
1.98253, 1.38364, -1.59155, GoToPosition
1.9806, 1.2913, -1.46679, GoToPosition
1.98199, 1.27655, -1.46447, GoAhead
1.98199, 1.27655, -1.46453, GoToPosition
1.9836, 1.262, -1.46467, GoToPosition
1.98726, 1.22813, -1.4647, Turn
1.9888, 1.21361, -1.46469, GoToPosition
1.9888, 1.21361, -1.46469, GoToPosition
1.99163, 1.18876, -1.46991, TurnToAngle
1.9956, 1.16053, -1.50613, Turn
1.99874, 1.13198, -1.54592, GoToPosition
2.00146, 1.06448, -1.63918, GoAhead
1.99751, 1.00715, -1.67394, TurnToAngle
1.99599, 0.992657, -1.67388, Turn
1.99447, 0.978121, -1.67386, Turn
1.99096, 0.949005, -1.61967, GoToPosition
1.98707, 0.919844, -1.5796, GoAhead
1.98435, 0.890545, -1.52652, GoAhead
1.98254, 0.827394, -1.4939, GoAhead
1.9849, 0.793166, -1.49187, GoAhead
1.9876, 0.759174, -1.49202, GoToPosition
1.98991, 0.730043, -1.49202, GoToPosition
1.99106, 0.715447, -1.49202, GoAhead
1.99258, 0.696038, -1.49201, GoToPosition
1.99372, 0.681496, -1.49204, GoToPosition
1.99488, 0.666896, -1.49204, GoAhead
1.99641, 0.6475, -1.49204, GoToPosition
1.99756, 0.632878, -1.49204, GoAhead
1.99756, 0.632878, -1.49204, GoAhead
2.00024, 0.598881, -1.49202, GoAhead
2.00292, 0.564891, -1.49202, GoAhead
2.00444, 0.545491, -1.492, GoToPosition
2.00674, 0.516315, -1.49203, GoAhead
2.00826, 0.496924, -1.49203, GoAhead
2.01056, 0.467802, -1.49203, GoToPosition
2.01208, 0.448356, -1.49206, GoAhead
2.01322, 0.433788, -1.49207, GoToPosition
2.01437, 0.419212, -1.49204, GoAhead
2.01591, 0.399809, -1.49204, GoToPosition
2.01706, 0.385256, -1.49207, GoAhead
2.01822, 0.370645, -1.49206, GoAhead
2.01937, 0.356068, -1.49209, GoToPosition
2.02166, 0.326941, -1.49209, GoToPosition
2.02318, 0.307523, -1.49207, GoAhead
2.02433, 0.292981, -1.49206, GoToPosition
2.02549, 0.278403, -1.49207, GoAhead
2.02664, 0.263823, -1.49208, GoToPosition
2.02894, 0.234695, -1.49208, GoAhead
2.02894, 0.234695, -1.49208, GoToPosition
2.03009, 0.220119, -1.50554, GoToPosition
2.03144, 0.206198, -1.50554, GoToPosition
2.04054, 0.172458, -1.74157, GoToPosition
2.03949, 0.161257, -1.76185, TurnToAngle
2.0366, 0.146837, -1.76158, Turn
2.03375, 0.132466, -1.76159, Turn
2.03375, 0.132466, -1.76145, GoToPosition
2.02436, 0.0895305, -1.73383, Turn
2.02436, 0.0895305, -1.73383, Turn
2.01828, 0.0609951, -1.69286, GoToPosition
2.01349, 0.0321941, -1.65207, TurnToAngle
2.00984, 0.0033076, -1.60963, Turn
2.00746, -0.0259653, -1.52552, GoAhead
2.00729, -0.108237, -1.449, GoAhead
2.01083, -0.137463, -1.44626, TurnToAngle
2.01267, -0.151985, -1.44641, Turn
2.01267, -0.151985, -1.44657, Turn
2.01708, -0.186187, -1.45171, TurnToAngle
2.02171, -0.214234, -1.48932, Turn
2.02765, -0.27118, -1.57224, GoToPosition
2.02877, -0.299972, -1.61313, GoAhead
2.02785, -0.355967, -1.6549, GoToPosition
2.02439, -0.386427, -1.70557, GoToPosition
2.02239, -0.400868, -1.70551, TurnToAngle
2.01843, -0.429838, -1.70545, Turn
2.01499, -0.454419, -1.66578, TurnToAngle
2.00626, -0.511437, -1.62537, Turn
2.00626, -0.511437, -1.62537, GoToPosition
2.00187, -0.569829, -1.5463, GoAhead
2.00122, -0.59343, -1.5463, GoToPosition
2.00194, -0.608328, -1.51074, GoAhead
2.00293, -0.622883, -1.50738, GoToPosition
2.0039, -0.637446, -1.50751, GoAhead
2.0039, -0.637446, -1.50757, GoToPosition
2.00576, -0.666626, -1.50763, GoAhead
2.00668, -0.681271, -1.50764, GoToPosition
2.00762, -0.695854, -1.50763, GoAhead
2.00946, -0.724991, -1.50767, GoAhead
2.01039, -0.739578, -1.50771, GoToPosition
2.01131, -0.754168, -1.50767, GoAhead
2.01314, -0.783348, -1.50767, GoToPosition
2.01314, -0.783348, -1.50767, GoAhead
2.0153, -0.817391, -1.50768, GoToPosition
2.01622, -0.831968, -1.50768, GoAhead
2.01622, -0.831968, -1.50768, GoToPosition
2.01715, -0.846556, -1.50769, GoAhead
2.01805, -0.861123, -1.50772, GoToPosition
2.01899, -0.875732, -1.50771, GoAhead
2.01991, -0.89034, -1.50769, GoToPosition
2.02082, -0.904903, -1.50773, GoAhead
2.02296, -0.938955, -1.50773, GoAhead
2.02509, -0.972961, -1.50774, GoToPosition
2.02724, -1.007, -1.50774, GoToPosition
2.02724, -1.007, -1.50774, GoAhead
2.02816, -1.02163, -1.50775, GoToPosition
2.02908, -1.03621, -1.50776, GoAhead
2.03032, -1.05569, -1.5078, Reaction Braitenberg
2.03124, -1.07027, -1.52202, Reaction Braitenberg
2.03232, -1.08417, -1.57666, GoToPosition
2.0346, -1.09291, -1.57666, GoAhead
2.03909, -1.10831, -1.69667, GoToPosition
2.03684, -1.13389, -1.71693, GoToPosition
2.03384, -1.15316, -1.71697, Turn
2.03167, -1.16759, -1.71642, GoToPosition
2.02924, -1.18379, -1.71608, TurnToAngle
2.02265, -1.22047, -1.67555, Turn
2.01457, -1.28786, -1.5848, GoAhead
2.01302, -1.31706, -1.51129, GoToPosition
2.01241, -1.34103, -1.50784, GoAhead
2.01427, -1.37536, -1.50804, GoAhead
2.01615, -1.40457, -1.50813, GoAhead
2.01826, -1.4386, -1.50816, GoToPosition
2.01917, -1.45318, -1.50818, GoAhead
2.02007, -1.46778, -1.50819, GoToPosition
2.02097, -1.48236, -1.50818, GoAhead
2.02097, -1.48236, -1.5082, GoToPosition
2.0222, -1.50181, -1.50815, TurnToAngle
2.02404, -1.53099, -1.50814, Turn
2.02404, -1.53099, -1.50812, GoToPosition
2.02507, -1.54745, -1.5089, TurnToAngle
2.02825, -1.58392, -1.55168, Turn
2.03066, -1.65069, -1.59173, GoAhead
2.02831, -1.70266, -1.71995, GoAhead
2.02112, -1.75092, -1.72219, GoAhead
2.0189, -1.76539, -1.72216, GoToPosition
2.01594, -1.78467, -1.72216, GoAhead
2.01374, -1.79911, -1.72217, GoToPosition
2.01153, -1.81356, -1.72213, GoAhead
2.00639, -1.84727, -1.72214, TurnToAngle
1.99794, -1.90063, -1.71838, TurnToAngle
1.99794, -1.90063, -1.68209, TurnToAngle
1.99264, -1.92829, -1.62781, Turn
1.98699, -1.96581, -1.59013, Reaction Braitenberg
1.98453, -1.98655, -1.56695, Reaction Braitenberg
1.98594, -1.9064, -1.57441, TurnToAngle
1.98745, -1.87508, -1.58034, GoToPosition
1.98774, -1.84623, -1.58016, TurnToAngle
1.98244, -1.78869, -1.52402, GoToPosition
1.98387, -1.77063, -1.58095, GoToPosition
1.98862, -1.76704, -1.68779, TurnToAngle
1.99439, -1.76771, -1.81687, Turn
2.00579, -1.77097, -2.08088, TurnToAngle
2.01252, -1.77511, -2.25908, Turn
2.01622, -1.77981, -2.39046, GoToPosition
2.01935, -1.78476, -2.51892, TurnToAngle
2.02233, -1.80154, -2.7479, TurnToAngle
2.02318, -1.80573, -2.89248, Turn
2.02318, -1.80573, -2.98911, Turn
2.02295, -1.81447, 3.09802, TurnToAngle
2.02185, -1.81815, 3.01431, Turn
2.01965, -1.82174, 2.92881, GoToPosition
2.01584, -1.82837, 2.76039, Turn
2.015, -1.83018, 2.62433, TurnToAngle
2.0124, -1.83572, 2.52347, Turn
2.01088, -1.83799, 2.46336, GoToPosition
2.00949, -1.84018, 2.46336, TurnToAngle
2.00694, -1.84366, 2.41362, Turn
2.00472, -1.84474, 2.31171, GoAhead
1.97374, -1.8123, 2.22447, TurnToAngle
1.96452, -1.80004, 2.21877, Turn
1.94571, -1.77516, 2.21905, GoToPosition
1.92958, -1.7526, 2.24474, TurnToAngle
1.91212, -1.72865, 2.28479, Turn
1.91212, -1.72865, 2.28479, GoToPosition
1.90015, -1.71328, 2.35532, GoAhead
1.86172, -1.66915, 2.39834, GoAhead
1.81969, -1.6301, 2.44767, GoAhead
1.81215, -1.6239, 2.44742, GoToPosition
1.80091, -1.61457, 2.44729, GoAhead
1.78968, -1.60524, 2.44724, GoToPosition
1.77845, -1.59589, 2.44724, GoAhead
1.76723, -1.58655, 2.44721, GoToPosition
1.756, -1.57719, 2.4472, GoAhead
1.74479, -1.56786, 2.44716, GoToPosition
1.74479, -1.56786, 2.44716, GoAhead
1.71631, -1.54416, 2.44715, GoAhead
1.71969, -1.54545, 2.48068, GoToPosition
1.71903, -1.54283, 2.51727, GoAhead
1.70905, -1.53473, 2.52994, GoAhead
1.6971, -1.52643, 2.52961, GoToPosition
1.68512, -1.51813, 2.52931, TurnToAngle
1.67713, -1.51259, 2.52915, Turn
1.64473, -1.49006, 2.52427, Reaction Braitenberg
1.62581, -1.47793, 2.49424, Reaction Braitenberg
1.61659, -1.47114, 2.50006, Reaction Braitenberg
1.60828, -1.45943, 2.61913, GoToPosition
1.60828, -1.45943, 2.61913, TurnToAngle
1.60119, -1.45409, 2.64445, Turn
1.58653, -1.44408, 2.66989, GoToPosition
1.58653, -1.44408, 2.69565, TurnToAngle
1.57848, -1.44133, 2.66928, Reaction Braitenberg
1.57795, -1.44282, 2.638, GoToPosition
1.57446, -1.44052, 2.65033, TurnToAngle
1.56764, -1.43504, 2.69043, Turn
1.56051, -1.42957, 2.73283, GoToPosition
1.55571, -1.42619, 2.7311, TurnToAngle
1.54985, -1.42703, 2.7311, Turn
1.54828, -1.43122, 2.63736, TurnToAngle
1.54732, -1.43348, 2.5354, Turn
1.5462, -1.43551, 2.5354, GoToPosition
1.54503, -1.43735, 2.48301, TurnToAngle
1.54382, -1.43909, 2.38579, TurnToAngle
1.54382, -1.43909, 2.38579, Turn
1.54259, -1.44063, 2.33954, GoToPosition
1.54018, -1.44133, 2.23986, GoAhead
1.52761, -1.42897, 2.2012, GoToPosition
1.51017, -1.40852, 2.1967, Reaction Braitenberg
1.50113, -1.39612, 2.20669, Reaction Braitenberg
1.49174, -1.38236, 2.23254, Reaction Braitenberg
1.48245, -1.36647, 2.2584, Reaction Braitenberg
1.47746, -1.35875, 2.28409, Reaction Braitenberg
1.47228, -1.35112, 2.30955, Reaction Braitenberg
1.47865, -1.34737, 2.46959, Reaction Braitenberg
1.48359, -1.34726, 2.5383, Reaction Braitenberg
1.48687, -1.3471, 2.58391, GoToPosition
1.49051, -1.34581, 2.64985, TurnToAngle
1.46564, -1.32849, 2.77915, TurnToAngle
1.44456, -1.32057, 2.77805, Turn
1.42598, -1.31474, 2.751, GoToPosition
1.40031, -1.30575, 2.70743, GoToPosition
1.39501, -1.30598, 2.64763, TurnToAngle
1.39501, -1.30598, 2.64763, TurnToAngle
1.39438, -1.30737, 2.61331, Turn
1.39356, -1.30953, 2.56052, Reaction Braitenberg
1.39311, -1.31088, 2.52904, Reaction Braitenberg
1.39144, -1.3099, 2.52735, Reaction Braitenberg
1.38152, -1.30009, 2.59055, GoToPosition
1.36804, -1.28803, 2.67524, TurnToAngle
1.36085, -1.28247, 2.71828, Turn
1.35337, -1.27722, 2.75998, Reaction Braitenberg
1.34824, -1.27394, 2.78435, Reaction Braitenberg
1.34824, -1.27394, 2.78435, Reaction Braitenberg
1.3442, -1.27205, 2.80161, Reaction Braitenberg
1.3421, -1.27083, 2.8577, Reaction Braitenberg
1.3344, -1.26583, 2.91517, Reaction Braitenberg
1.32101, -1.25798, 2.95398, Reaction Braitenberg
1.30464, -1.25052, 3.07057, Reaction Braitenberg
1.29651, -1.24752, 3.07057, Reaction Braitenberg
1.28776, -1.2451, 3.1293, GoToPosition
1.27851, -1.24307, -3.09556, TurnToAngle
1.26342, -1.24105, -2.99789, GoToPosition
1.25677, -1.24369, -2.94085, Turn
1.25679, -1.24686, -2.9882, GoToPosition
1.25693, -1.25032, -3.06036, TurnToAngle
1.25693, -1.25032, -3.13592, Turn
1.25718, -1.25581, 3.02198, TurnToAngle
1.25631, -1.26021, 2.92315, Turn
1.2543, -1.26651, 2.77783, GoToPosition
1.25272, -1.27061, 2.68338, TurnToAngle
1.23382, -1.25573, 2.83364, Reaction Braitenberg
1.2209, -1.2475, 2.93103, TurnToAngle
1.21302, -1.24333, 2.98958, Turn
1.20224, -1.23859, 3.10065, GoToPosition
1.19682, -1.23672, 3.09539, TurnToAngle
1.19093, -1.2366, 3.09539, Turn
1.19039, -1.24142, 2.98375, TurnToAngle
1.19024, -1.2432, 2.94287, Turn
1.18882, -1.24909, 2.80944, GoToPosition
1.18842, -1.25205, 2.74441, TurnToAngle
1.18806, -1.25396, 2.70159, Turn
1.18576, -1.25792, 2.60091, TurnToAngle
1.18486, -1.25943, 2.56346, GoToPosition
1.18486, -1.25943, 2.56346, TurnToAngle
1.18319, -1.26252, 2.48647, Reaction Braitenberg
1.18156, -1.26463, 2.42797, Reaction Braitenberg
1.18029, -1.26607, 2.38858, Reaction Braitenberg
1.17843, -1.26299, 2.41366, GoToPosition
1.17527, -1.25809, 2.45091, Reaction Braitenberg
1.17164, -1.25319, 2.48966, Reaction Braitenberg
1.16612, -1.24606, 2.54797, Reaction Braitenberg
1.1559, -1.23452, 2.64373, GoToPosition
1.14935, -1.22815, 2.64373, TurnToAngle
1.14935, -1.22815, 2.70124, TurnToAngle
1.12986, -1.21311, 2.85013, GoToPosition
1.12986, -1.21311, 2.84582, GoToPosition
1.12477, -1.21156, 2.84582, TurnToAngle
1.12383, -1.21556, 2.80058, Turn
1.12314, -1.21695, 2.7538, GoToPosition
1.12265, -1.21857, 2.72033, TurnToAngle
1.12048, -1.2231, 2.57143, TurnToAngle
1.11953, -1.22535, 2.51733, Turn
1.11953, -1.22535, 2.4811, Turn
1.11768, -1.229, 2.42842, GoAhead
1.11647, -1.23077, 2.37962, GoToPosition
1.10699, -1.2242, 2.3242, GoToPosition
1.0981, -1.21034, 2.44632, GoToPosition
1.09148, -1.20016, 2.4848, Reaction Braitenberg
1.09148, -1.20016, 2.52322, GoToPosition
1.08793, -1.19521, 2.52322, TurnToAngle
1.07803, -1.18366, 2.61945, GoToPosition
1.06869, -1.17589, 2.67148, TurnToAngle
1.05777, -1.16962, 2.66587, Turn
1.03421, -1.1589, 2.60843, TurnToAngle
1.00458, -1.14811, 2.56289, Turn
1.00171, -1.15317, 2.4348, Turn
0.995636, -1.15357, 2.38611, GoAhead
0.966252, -1.12497, 2.25661, GoAhead
0.947208, -1.10161, 2.25123, GoAhead
0.931922, -1.08267, 2.25142, GoAhead
0.91353, -1.05994, 2.25147, GoAhead
0.904338, -1.04858, 2.25146, GoAhead
0.889025, -1.02967, 2.25148, GoAhead
0.86758, -1.00318, 2.25148, GoAhead
0.861418, -0.995573, 2.25149, GoAhead
0.846107, -0.97667, 2.25151, GoAhead
0.833848, -0.961537, 2.25147, GoAhead
0.821583, -0.946391, 2.25144, GoAhead
0.803208, -0.923697, 2.25145, GoAhead
0.787866, -0.90476, 2.25138, GoAhead
0.769487, -0.882066, 2.25136, GoToPosition
0.760293, -0.870712, 2.25136, GoAhead
0.751114, -0.859372, 2.25136, GoToPosition
0.74191, -0.848018, 2.25136, GoAhead
0.732717, -0.836656, 2.25138, GoToPosition
0.723527, -0.825301, 2.2514, GoAhead
0.70515, -0.802593, 2.25138, GoToPosition
0.699032, -0.79504, 2.25139, GoAhead
0.6837, -0.77609, 2.25141, GoAhead
0.674501, -0.764722, 2.25142, GoToPosition
0.665332, -0.753408, 2.25143, GoAhead
0.659182, -0.745815, 2.25141, GoToPosition
0.649988, -0.734457, 2.25142, GoAhead
0.640803, -0.723117, 2.25144, GoToPosition
0.631596, -0.711751, 2.25145, GoAhead
0.62243, -0.700438, 2.25146, GoToPosition
0.613213, -0.689048, 2.25141, GoAhead
0.604023, -0.677693, 2.25142, GoToPosition
0.594832, -0.66634, 2.25139, GoAhead
0.585635, -0.654992, 2.25138, GoToPosition
0.576441, -0.643633, 2.25139, GoAhead
0.567241, -0.632278, 2.25138, GoToPosition
0.558056, -0.620934, 2.25138, GoAhead
0.542723, -0.601998, 2.25139, GoAhead
0.524328, -0.579289, 2.25138, GoAhead
0.50594, -0.556574, 2.25137, GoToPosition
0.499813, -0.549002, 2.25136, GoAhead
0.481433, -0.526301, 2.25138, GoAhead
0.463032, -0.503583, 2.25137, GoAhead
0.444635, -0.480869, 2.25137, GoToPosition
0.435432, -0.469503, 2.25135, GoAhead
0.426237, -0.458144, 2.25136, GoToPosition
0.420119, -0.450586, 2.25136, GoAhead
0.410917, -0.439214, 2.25136, GoToPosition
0.401712, -0.427852, 2.25136, GoAhead
0.392516, -0.416496, 2.25137, GoToPosition
0.386395, -0.408935, 2.25138, GoAhead
0.377203, -0.397593, 2.25138, GoAhead
0.358799, -0.374854, 2.25139, GoToPosition
0.352673, -0.367284, 2.25138, Turn
0.340437, -0.352179, 2.25139, GoToPosition
0.327749, -0.336493, 2.29005, TurnToAngle
0.310113, -0.313269, 2.32883, Turn
0.291511, -0.290069, 2.36729, GoAhead
0.271925, -0.267637, 2.4062, GoToPosition
0.251742, -0.246223, 2.43225, GoAhead
0.237807, -0.232374, 2.47107, GoToPosition
0.217705, -0.213515, 2.47107, GoAhead
0.205281, -0.203241, 2.48133, GoToPosition
0.193708, -0.194337, 2.48109, TurnToAngle
0.18213, -0.185408, 2.48103, Turn
0.170577, -0.176444, 2.48048, GoToPosition
0.161459, -0.16936, 2.48048, TurnToAngle
0.131635, -0.147548, 2.43945, Turn
0.108667, -0.129957, 2.39866, GoToPosition
0.0937604, -0.117561, 2.37198, GoAhead
0.0652749, -0.0919379, 2.31846, GoToPosition
0.0486317, -0.0756992, 2.28461, GoAhead
0.0388963, -0.0646206, 2.28223, GoToPosition
0.0293967, -0.0535318, 2.28241, GoAhead
0.019911, -0.0424489, 2.28259, GoToPosition
0.0103771, -0.0313635, 2.28257, GoAhead
0.0040069, -0.0239776, 2.28261, GoToPosition
-0.00554388, -0.0129091, 2.28264, GoAhead
-0.0150783, -0.00185299, 2.28264, GoToPosition
-0.0246191, 0.00920996, 2.28265, GoAhead
-0.0341576, 0.0202631, 2.28266, GoToPosition
-0.0532439, 0.0423938, 2.28265, GoAhead
-0.0627846, 0.0534557, 2.28265, GoAhead
-0.0691598, 0.0608379, 2.28265, GoToPosition
-0.0755244, 0.0682099, 2.28266, GoAhead
-0.0850787, 0.0792769, 2.28266, GoToPosition
-0.0946324, 0.0903326, 2.28266, GoAhead
-0.104173, 0.101395, 2.28265, GoToPosition
-0.113712, 0.112444, 2.28267, GoAhead
-0.123239, 0.123487, 2.28272, GoAhead
-0.142322, 0.145624, 2.28272, GoToPosition
-0.151879, 0.156709, 2.28274, GoAhead
-0.164593, 0.171449, 2.28273, GoToPosition
-0.174139, 0.182509, 2.28273, GoAhead
-0.183701, 0.193601, 2.28275, GoToPosition
-0.193246, 0.204664, 2.28273, GoAhead
-0.205953, 0.219399, 2.28272, GoAhead
-0.215521, 0.230495, 2.28272, GoAhead
-0.228218, 0.245228, 2.28276, GoToPosition
-0.24731, 0.26736, 2.28279, GoToPosition
-0.256854, 0.278412, 2.2828, GoAhead
-0.266397, 0.289469, 2.28279, GoToPosition
-0.279117, 0.304209, 2.28277, GoAhead
-0.288663, 0.315259, 2.28277, GoAhead
-0.307769, 0.337402, 2.28277, GoAhead
-0.326865, 0.359532, 2.28279, GoAhead
-0.345942, 0.381639, 2.28276, GoAhead
-0.36825, 0.407475, 2.28274, GoAhead
-0.387323, 0.429589, 2.28275, GoAhead
-0.400047, 0.444333, 2.28275, GoToPosition
-0.406418, 0.451715, 2.28277, GoAhead
-0.422334, 0.470161, 2.28276, GoAhead
-0.431855, 0.481197, 2.28276, GoToPosition
-0.444591, 0.495959, 2.28276, GoAhead
-0.454127, 0.507016, 2.28274, GoToPosition
-0.463683, 0.518094, 2.28273, GoAhead
-0.473225, 0.529153, 2.28273, GoToPosition
-0.485939, 0.543897, 2.28272, GoAhead
-0.50502, 0.566012, 2.28269, GoAhead
-0.527298, 0.591839, 2.28268, GoAhead
-0.546385, 0.613969, 2.28268, GoAhead
-0.56867, 0.639795, 2.28268, GoToPosition
-0.578211, 0.650852, 2.28269, GoAhead
-0.58777, 0.661924, 2.2827, GoToPosition
-0.600496, 0.676671, 2.28273, TurnToAngle
-0.610036, 0.687716, 2.28277, Turn
-0.619594, 0.698778, 2.283, TurnToAngle
-0.630289, 0.711265, 2.32213, Turn
-0.672698, 0.762289, 2.40086, GoAhead
-0.713172, 0.804052, 2.47114, GoAhead
-0.741664, 0.829177, 2.47281, GoAhead
-0.768476, 0.850297, 2.47272, GoAhead
-0.791433, 0.868411, 2.47264, GoAhead
-0.814361, 0.886522, 2.47262, GoAhead
-0.837282, 0.90464, 2.47264, GoAhead
-0.860229, 0.922776, 2.4726, GoAhead
-0.88318, 0.940896, 2.4726, GoAhead
-0.90609, 0.959017, 2.47258, GoToPosition
-0.925213, 0.974135, 2.47256, GoAhead
-0.948165, 0.992274, 2.4725, GoAhead
-0.971075, 1.01039, 2.47246, GoAhead
-1.00548, 1.03758, 2.47246, GoToPosition
-1.01696, 1.04667, 2.47245, GoAhead
-1.0284, 1.05571, 2.47247, GoToPosition
-1.03988, 1.06479, 2.47247, TurnToAngle
-1.0628, 1.08289, 2.46661, GoToPosition
-1.07875, 1.09531, 2.43024, GoAhead
-1.10187, 1.11222, 2.38972, GoToPosition
-1.12463, 1.13023, 2.35643, GoAhead
-1.15312, 1.15607, 2.3545, GoAhead
-1.16343, 1.16648, 2.35456, GoToPosition
-1.17375, 1.17687, 2.35459, GoAhead
-1.19779, 1.20103, 2.3546, GoToPosition
-1.20811, 1.21139, 2.3546, GoAhead
-1.21842, 1.22173, 2.35459, GoToPosition
-1.23219, 1.23555, 2.35457, GoAhead
-1.25283, 1.25625, 2.35457, GoToPosition
-1.26314, 1.26658, 2.35457, GoAhead
-1.2838, 1.28731, 2.35463, GoAhead
-1.30442, 1.30799, 2.35466, GoToPosition
-1.31818, 1.32179, 2.35465, GoAhead
-1.33195, 1.33559, 2.35462, GoToPosition
-1.34224, 1.34592, 2.35462, GoAhead
-1.35258, 1.35629, 2.35463, GoToPosition
-1.3629, 1.36663, 2.35462, GoAhead
-1.37321, 1.37697, 2.3546, GoAhead
-1.3973, 1.40114, 2.35459, GoAhead
-1.40761, 1.41149, 2.35459, GoAhead
-1.41792, 1.42184, 2.35458, GoAhead
-1.4351, 1.43906, 2.35458, GoAhead
-1.45916, 1.4632, 2.35456, GoAhead
-1.46946, 1.47353, 2.35458, GoAhead
-1.49012, 1.49428, 2.35458, GoAhead
-1.51074, 1.51498, 2.35459, GoAhead
-1.53483, 1.53914, 2.35463, GoAhead
-1.55545, 1.55983, 2.35468, GoAhead
-1.56577, 1.57017, 2.35468, GoToPosition
-1.57608, 1.58053, 2.35472, GoAhead
-1.58983, 1.5943, 2.35465, GoToPosition
-1.60015, 1.60465, 2.3547, GoAhead
-1.61047, 1.615, 2.35472, GoAhead
-1.63454, 1.63915, 2.35471, GoToPosition
-1.65862, 1.66328, 2.3547, GoAhead
-1.67924, 1.68397, 2.3548, GoToPosition
-1.69298, 1.69777, 2.3548, GoAhead
-1.70332, 1.70813, 2.35484, GoToPosition
-1.71362, 1.71845, 2.35482, GoAhead
-1.73771, 1.7426, 2.35482, GoToPosition
-1.74802, 1.75296, 2.35482, GoToPosition
-1.76523, 1.7702, 2.3548, GoAhead
-1.78929, 1.79433, 2.35477, GoAhead
-1.80994, 1.81504, 2.35484, GoAhead
-1.83398, 1.83914, 2.35482, GoAhead
-1.85463, 1.85986, 2.35486, GoAhead
-1.88904, 1.89434, 2.35488, GoAhead
-1.90277, 1.9081, 2.35484, GoAhead
-1.92688, 1.93224, 2.35481, GoToPosition
-1.94751, 1.95294, 2.35486, Reaction Braitenberg
-1.96126, 1.96671, 2.35485, Reaction Braitenberg
-1.96811, 1.97328, 2.35132, Reaction Braitenberg
-1.96915, 1.97225, 2.31381, Reaction Braitenberg
-1.96997, 1.95154, 1.97326, TurnToAngle
-1.97987, 1.96498, 1.92905, Reaction Braitenberg
-1.98487, 1.97176, 1.86574, Reaction Braitenberg
-1.98598, 1.96439, 0.00031274, Reaction Braitenberg
-1.98169, 1.90942, 1.66607, TurnToAngle
-1.98273, 1.90483, 1.63244, Turn
-1.98481, 1.89611, 1.58782, TurnToAngle
-1.98249, 1.89763, 1.64822, Turn
-1.97889, 1.90273, 1.96227, GoToPosition
-1.95615, 1.91318, 2.24055, GoToPosition
-1.95547, 1.90692, 2.24055, TurnToAngle
-1.955, 1.89644, 2.11226, Turn
-1.95559, 1.88922, 1.97559, TurnToAngle
-1.95645, 1.88482, 1.98499, Turn
-1.9565, 1.88523, 2.08449, Turn
-1.95564, 1.89218, 2.2058, TurnToAngle
-1.95241, 1.89627, 2.401, Turn
-1.93944, 1.90494, 2.68462, TurnToAngle
-1.93639, 1.91013, 2.68462, TurnToAngle
-1.93184, 1.92325, 3.12376, TurnToAngle
-1.93114, 1.92875, -3.00965, Turn
-1.93256, 1.94006, -2.7933, TurnToAngle
-1.93435, 1.94444, -2.6944, Turn
-1.94305, 1.95583, -2.37474, TurnToAngle
-1.94687, 1.95787, -2.28161, Turn
-1.95651, 1.96069, -2.16746, TurnToAngle
-1.96015, 1.96116, -2.09326, Turn
-1.96839, 1.96121, -1.92747, TurnToAngle
-1.97144, 1.96087, -1.86616, Turn
-1.97345, 1.96058, -1.82533, Turn
-1.97915, 1.9595, -1.70485, TurnToAngle
-1.98247, 1.95869, -1.63211, Turn
-1.9872, 1.92603, -1.4785, GoAhead
-1.98397, 1.88762, -1.4487, GoToPosition
-1.98214, 1.87316, -1.4489, TurnToAngle
-1.98036, 1.85868, -1.44901, Turn
-1.97713, 1.83276, -1.44975, TurnToAngle
-1.97142, 1.79669, -1.47749, Turn
-1.96556, 1.74006, -1.55996, TurnToAngle
-1.9644, 1.68294, -1.65577, GoToPosition
-1.96561, 1.6543, -1.69602, GoAhead
-1.9702, 1.60311, -1.77115, Turn
-1.97579, 1.57427, -1.77038, TurnToAngle
-1.97983, 1.55479, -1.7431, Turn
-1.99104, 1.50657, -1.65871, TurnToAngle
-1.99613, 1.47735, -1.61569, TurnToAngle
-1.99998, 1.44791, -1.57261, Turn
-2.00255, 1.41829, -1.53121, GoToPosition
-2.00381, 1.3884, -1.53121, GoAhead
-2.00048, 1.30027, -1.4085, TurnToAngle
-1.99842, 1.28397, -1.39448, Turn
-1.99221, 1.25025, -1.40027, TurnToAngle
-1.98114, 1.19493, -1.52511, GoAhead
-1.97731, 1.16679, -1.56832, GoToPosition
-1.97471, 1.13851, -1.60396, GoAhead
-1.97342, 1.11566, -1.60673, GoAhead
-1.97365, 1.10104, -1.60649, GoAhead
-1.97426, 1.0864, -1.60642, GoToPosition
-1.97464, 1.07665, -1.60637, GoAhead
-1.97589, 1.04258, -1.6063, GoAhead
-1.97678, 1.01823, -1.60629, GoToPosition
-1.9773, 1.00361, -1.60629, GoToPosition
-1.97817, 0.979305, -1.60631, GoToPosition
-1.97852, 0.969576, -1.60633, GoAhead
-1.97905, 0.954978, -1.60633, GoToPosition
-1.97957, 0.94038, -1.60634, GoAhead
-1.98061, 0.911201, -1.60634, GoAhead
-1.98149, 0.88687, -1.60635, GoToPosition
-1.98218, 0.867416, -1.60635, GoAhead
-1.98323, 0.838228, -1.60635, GoAhead
-1.98376, 0.823631, -1.60636, GoAhead
-1.98428, 0.809034, -1.60637, GoToPosition
-1.98534, 0.77984, -1.60639, GoToPosition
-1.98586, 0.765241, -1.60639, GoAhead
-1.98657, 0.745783, -1.60639, GoToPosition
-1.98709, 0.731191, -1.60639, GoAhead
-1.98762, 0.716601, -1.60641, GoToPosition
-1.98919, 0.672801, -1.60643, GoAhead
-1.98971, 0.658204, -1.60644, GoToPosition
-1.99024, 0.643609, -1.60644, GoAhead
-1.99129, 0.614416, -1.60646, GoAhead
-1.99233, 0.585225, -1.6065, GoToPosition
-1.99285, 0.570627, -1.60651, GoAhead
-1.99338, 0.55604, -1.60651, GoToPosition
-1.9939, 0.541448, -1.60651, GoAhead
-1.99443, 0.526848, -1.60651, GoToPosition
-1.99496, 0.512249, -1.60651, GoAhead
-1.99602, 0.483054, -1.60652, GoAhead
-1.99707, 0.453862, -1.60654, GoAhead
-1.99813, 0.424672, -1.60657, GoToPosition
-1.99866, 0.410076, -1.60656, GoAhead
-1.99919, 0.395477, -1.60656, GoToPosition
-1.99971, 0.380876, -1.60657, GoAhead
-2.00024, 0.366282, -1.60658, GoToPosition
-2.00077, 0.351685, -1.60658, GoAhead
-2.00129, 0.337088, -1.60659, GoToPosition
-2.00182, 0.322494, -1.6066, GoAhead
-2.00288, 0.293297, -1.60661, GoAhead
-2.00376, 0.268973, -1.60662, GoAhead
-2.00482, 0.239785, -1.60663, GoAhead
-2.00588, 0.210594, -1.60667, GoAhead
-2.00676, 0.186264, -1.60668, GoAhead
-2.00782, 0.157074, -1.60669, GoAhead
-2.01118, 0.106677, -1.55808, Reaction Braitenberg
-2.01358, 0.0970387, -1.49773, GoToPosition
-2.01538, 0.0872923, -1.43808, GoToPosition
-2.01604, 0.0785221, -1.39625, Reaction Braitenberg
-2.01528, 0.073188, -1.39844, GoToPosition
-2.01374, 0.0667641, -1.40773, GoToPosition
-2.01409, 0.0709279, -1.41047, Reaction Braitenberg
-2.01479, 0.0752813, -1.4105, Reaction Braitenberg
-2.01525, 0.0781823, -1.41053, Reaction Braitenberg
-2.01594, 0.0825174, -1.41057, Reaction Braitenberg
-2.01641, 0.0854225, -1.41059, Reaction Braitenberg
-2.0171, 0.0897499, -1.41065, Reaction Braitenberg
-2.01776, 0.0940612, -1.41068, Reaction Braitenberg
-2.01729, 0.0893867, -1.39785, Reaction Braitenberg
-2.01919, 0.100888, -1.39796, GoToPosition
-2.01969, 0.10377, -1.39799, Reaction Braitenberg
-2.02041, 0.108161, -1.39819, Reaction Braitenberg
-2.02112, 0.11249, -1.39837, Reaction Braitenberg
-2.02458, 0.132881, -1.39841, Reaction Braitenberg
-2.02534, 0.137328, -1.39841, GoToPosition
-2.02609, 0.141693, -1.4003, GoToPosition
-2.02775, 0.151416, -1.42499, GoToPosition
-2.02953, 0.169042, -1.44038, GoToPosition
-2.03062, 0.184819, -1.43052, Reaction Braitenberg
-2.03308, 0.190175, -1.40396, TurnToAngle
-2.03336, 0.183674, -1.34974, Reaction Braitenberg
-2.03313, 0.163206, -1.22691, TurnToAngle
-2.03262, 0.156674, -1.18619, Turn
-2.02885, 0.136202, -1.06662, GoToPosition
-2.02589, 0.130145, -1.05816, TurnToAngle
-2.02356, 0.132543, -1.13928, GoToPosition
-2.02198, 0.134606, -1.22741, Turn
-2.01883, 0.13788, -1.31882, TurnToAngle
-2.01669, 0.139561, -1.37692, Turn
-2.01511, 0.140428, -1.37692, GoToPosition
-2.01278, 0.14143, -1.46885, TurnToAngle
-2.01123, 0.142017, -1.51719, Turn
-2.00894, 0.142752, -1.54973, GoToPosition
-2.00764, 0.0846891, -1.64711, GoToPosition
-2.01432, 0.0591265, -1.49743, GoAhead
-2.0149, 0.0397671, -1.39688, TurnToAngle
-2.01555, 0.0335779, -1.38037, Turn
-2.01521, 0.0263605, -1.3786, Turn
-2.01035, 0.000850335, -1.4084, Turn
-1.99825, -0.0541039, -1.47668, TurnToAngle
-1.99339, -0.0825842, -1.51999, Turn
-1.98796, -0.130315, -1.59228, GoAhead
-1.98621, -0.19486, -1.66857, GoAhead
-1.98841, -0.225306, -1.6682, GoToPosition
-1.98989, -0.239803, -1.66814, GoToPosition
-1.99134, -0.254321, -1.66813, GoAhead
-1.99278, -0.268857, -1.66813, GoToPosition
-1.99421, -0.283395, -1.66813, GoAhead
-1.99563, -0.297931, -1.66813, GoAhead
-1.99706, -0.312471, -1.66814, GoAhead
-1.9999, -0.34155, -1.66814, GoAhead
-2.00275, -0.370629, -1.66814, GoAhead
-2.00426, -0.385189, -1.61942, Reaction Braitenberg
-2.00682, -0.396979, -1.55721, GoToPosition
-2.00986, -0.406848, -1.49578, GoAhead
-2.01296, -0.41991, -1.43985, GoToPosition
-2.01396, -0.429738, -1.42349, GoToPosition
-2.01297, -0.438726, -1.42357, TurnToAngle
-2.00999, -0.458019, -1.42389, Turn
-2.00635, -0.482139, -1.42908, TurnToAngle
-2.00336, -0.501841, -1.46681, Turn
-1.99814, -0.529794, -1.50859, GoToPosition
-1.9939, -0.558318, -1.54984, GoAhead
-1.99085, -0.586902, -1.59127, GoToPosition
-1.98897, -0.615341, -1.62618, GoAhead
-1.98813, -0.638324, -1.62896, GoToPosition
-1.98893, -0.658063, -1.62884, GoAhead
-1.98986, -0.672592, -1.62878, GoToPosition
-1.99074, -0.687151, -1.62874, GoAhead
-1.9916, -0.701726, -1.62874, GoToPosition
-1.99246, -0.716309, -1.62874, GoAhead
-1.99332, -0.730891, -1.62875, GoToPosition
-1.99389, -0.740611, -1.62876, GoAhead
-1.99559, -0.769785, -1.62877, GoAhead
-1.99672, -0.78923, -1.62877, GoToPosition
-1.99757, -0.803812, -1.62878, GoAhead
-1.99956, -0.837847, -1.62878, GoAhead
-2.00041, -0.852437, -1.62878, GoToPosition
-2.00126, -0.867023, -1.62879, GoToPosition
-2.00296, -0.896185, -1.62878, GoAhead
-2.00382, -0.910769, -1.62879, GoToPosition
-2.00467, -0.925351, -1.6288, GoAhead
-2.00552, -0.939937, -1.62881, Reaction Braitenberg
-2.00637, -0.954522, -1.62881, Reaction Braitenberg
-2.00723, -0.969106, -1.61463, Reaction Braitenberg
-2.00812, -0.983553, -1.61463, Reaction Braitenberg
-2.01384, -1.00707, -1.47704, GoToPosition
-2.01538, -1.01699, -1.4164, GoAhead
-2.01661, -1.04026, -1.22668, TurnToAngle
-2.01566, -1.05007, -1.22038, Turn
-2.00468, -1.0814, -1.22835, TurnToAngle
-2.00127, -1.09023, -1.28563, Turn
-1.99707, -1.08781, -1.38203, GoToPosition
-1.99437, -1.08616, -1.44956, Turn
-1.99007, -1.08406, -1.54862, GoAhead
-1.98588, -1.08228, -1.59479, GoAhead
-1.98334, -1.09297, -1.66348, GoToPosition
-1.98486, -1.10756, -1.66296, GoAhead
-1.98658, -1.12219, -1.66259, GoToPosition
-1.98958, -1.15134, -1.66244, GoToPosition
-1.99098, -1.1659, -1.66242, GoAhead
-1.99234, -1.18045, -1.66239, GoToPosition
-1.99369, -1.19499, -1.66239, GoAhead
-1.99504, -1.20954, -1.66239, GoToPosition
-1.99816, -1.24349, -1.66239, GoAhead
-2.00085, -1.27259, -1.6624, GoAhead
-2.00308, -1.29683, -1.6624, Reaction Braitenberg
-2.00475, -1.31101, -1.64886, Reaction Braitenberg
-2.01024, -1.33099, -1.55152, GoAhead
-2.01336, -1.34715, -1.43443, GoToPosition
-2.01275, -1.35937, -1.41801, TurnToAngle
-2.01031, -1.37389, -1.41831, Turn
-2.00399, -1.41309, -1.44833, TurnToAngle
-1.99566, -1.45969, -1.53042, GoAhead
-1.98963, -1.51646, -1.57201, GoToPosition
-1.9884, -1.53947, -1.60713, GoAhead
-1.98869, -1.55428, -1.60974, GoAhead
-1.98981, -1.57868, -1.60943, GoToPosition
-1.99041, -1.5933, -1.60937, GoAhead
-1.99098, -1.60789, -1.60937, GoToPosition
-1.99156, -1.62249, -1.60935, GoAhead
-1.99212, -1.63708, -1.60935, GoToPosition
-1.99268, -1.65168, -1.60937, GoAhead
-1.99325, -1.66628, -1.60937, GoToPosition
-1.99401, -1.68574, -1.60936, GoAhead
-1.9946, -1.70034, -1.60936, GoToPosition
-1.99516, -1.71494, -1.60934, GoAhead
-1.99629, -1.74412, -1.60934, GoAhead
-1.99742, -1.77332, -1.60934, GoToPosition
-1.99798, -1.78792, -1.60934, GoAhead
-1.99913, -1.81711, -1.60934, GoAhead
-1.99988, -1.83657, -1.60936, GoToPosition
-2.00045, -1.85116, -1.60933, GoAhead
-2.00103, -1.86575, -1.60934, GoToPosition
-2.00159, -1.88034, -1.60934, GoAhead
-2.00215, -1.89494, -1.60937, GoToPosition
-2.00331, -1.92413, -1.60879, TurnToAngle
-2.00327, -1.923, -1.61081, Reaction Braitenberg
-2.00207, -1.9108, -1.62977, TurnToAngle
-2.00154, -1.90183, -1.63002, Turn
-2.0011, -1.89295, -1.57147, Turn
-2.00626, -1.88139, -1.34715, TurnToAngle
-2.01206, -1.88256, -1.21131, Turn
-2.02606, -1.89564, -0.934968, GoToPosition
-2.02911, -1.90141, -0.667258, Turn
-2.03132, -1.90743, -0.532869, Turn
-2.03261, -1.91379, -0.411105, GoToPosition
-2.03297, -1.91972, -0.300387, GoToPosition
-2.0327, -1.92513, -0.189641, TurnToAngle
-2.03182, -1.93044, -0.0415521, Turn
-2.02588, -1.9455, 0.139333, TurnToAngle
-2.02118, -1.95205, 0.305547, TurnToAngle
-2.01881, -1.9547, 0.378094, TurnToAngle
-2.01424, -1.9589, 0.567658, GoToPosition
-2.01181, -1.96075, 0.627652, TurnToAngle
-2.00936, -1.9624, 0.687674, Turn
-2.00684, -1.9639, 0.740148, GoToPosition
-2.00312, -1.96573, 0.814372, GoToPosition
-1.99858, -1.96335, 0.822327, GoAhead
-1.97942, -1.9429, 0.821465, GoToPosition
-1.95965, -1.92142, 0.82088, GoToPosition
-1.92982, -1.88934, 0.82077, GoAhead
-1.92982, -1.88934, 0.82077, GoToPosition
-1.91988, -1.87866, 0.820742, GoAhead
-1.90995, -1.868, 0.820694, GoToPosition
-1.89998, -1.85729, 0.820666, GoAhead
-1.88006, -1.83592, 0.820678, GoAhead
-1.86017, -1.81456, 0.820684, GoAhead
-1.8502, -1.80386, 0.820629, GoToPosition
-1.84024, -1.79316, 0.820646, GoToPosition
-1.8303, -1.78249, 0.820633, GoAhead
-1.81039, -1.76113, 0.820589, GoToPosition
-1.80044, -1.75045, 0.820594, GoAhead
-1.7905, -1.73977, 0.820555, GoToPosition
-1.78056, -1.7291, 0.82055, GoAhead
-1.77058, -1.7184, 0.820543, GoToPosition
-1.76168, -1.6978, 0.596905, TurnToAngle
-1.76723, -1.69816, 0.553247, Turn
-1.7709, -1.69821, 0.509659, GoToPosition
-1.77156, -1.69544, 0.509659, TurnToAngle
-1.76386, -1.68992, 0.459586, Turn
-1.72601, -1.67253, 0.531776, TurnToAngle
-1.71462, -1.66932, 0.579293, Turn
-1.71101, -1.67218, 0.627302, TurnToAngle
-1.70909, -1.67339, 0.724087, Turn
-1.70113, -1.67238, 0.7716, GoAhead
-1.66572, -1.63964, 0.847175, GoAhead
-1.65929, -1.63235, 0.847057, GoToPosition
-1.65288, -1.62503, 0.846739, GoAhead
-1.64645, -1.61773, 0.846619, Reaction Braitenberg
-1.64003, -1.61042, 0.84312, GoToPosition
-1.63386, -1.60334, 0.821605, GoAhead
-1.62981, -1.59791, 0.790485, GoToPosition
-1.62706, -1.59302, 0.760262, Reaction Braitenberg
-1.62418, -1.58809, 0.717947, Reaction Braitenberg
-1.61943, -1.581, 0.674099, GoToPosition
-1.61451, -1.57429, 0.674099, GoAhead
-1.60937, -1.5678, 0.588713, GoToPosition
-1.58898, -1.55139, 0.566483, TurnToAngle
-1.56227, -1.5276, 0.394605, Reaction Braitenberg
-1.54953, -1.51726, 0.271364, TurnToAngle
-1.54278, -1.51278, 0.148109, GoToPosition
-1.53566, -1.50869, 0.148109, GoToPosition
-1.52855, -1.50561, 0.112066, TurnToAngle
-1.52492, -1.50556, 0.112066, Turn
-1.5234, -1.50766, 0.163549, GoToPosition
-1.52191, -1.51005, 0.223911, TurnToAngle
-1.5201, -1.51261, 0.287598, Turn
-1.51622, -1.51743, 0.456337, TurnToAngle
-1.5141, -1.51958, 0.519266, Turn
-1.51181, -1.52155, 0.561068, Reaction Braitenberg
-1.511, -1.52219, 0.596118, Reaction Braitenberg
-1.50149, -1.51405, 0.474173, GoToPosition
-1.49746, -1.50987, 0.411769, TurnToAngle
-1.49173, -1.50397, 0.350635, GoToPosition
-1.48548, -1.49837, 0.308443, TurnToAngle
-1.47917, -1.49399, 0.330965, Turn
-1.47458, -1.49555, 0.37989, TurnToAngle
-1.47292, -1.49736, 0.430868, TurnToAngle
-1.47114, -1.49917, 0.483419, Turn
-1.46922, -1.50084, 0.535491, GoToPosition
-1.46717, -1.50251, 0.589855, TurnToAngle
-1.46342, -1.50497, 0.682798, GoToPosition
-1.46128, -1.50613, 0.763283, TurnToAngle
-1.45927, -1.50711, 0.763283, Turn
-1.45794, -1.50774, 0.854965, GoToPosition
-1.45263, -1.50491, 0.854965, GoAhead
-1.4423, -1.49448, 0.921543, GoToPosition
-1.42414, -1.47396, 0.926531, GoAhead
-1.41469, -1.46171, 0.926142, GoToPosition
-1.40601, -1.45002, 0.925951, Turn
-1.3885, -1.42668, 0.925415, TurnToAngle
-1.37651, -1.41077, 0.898686, Turn
-1.34263, -1.36354, 0.857277, GoToPosition
-1.33041, -1.34832, 0.815647, GoAhead
-1.29339, -1.30677, 0.724036, GoAhead
-1.28225, -1.29597, 0.724443, GoToPosition
-1.27128, -1.28633, 0.724443, GoAhead
-1.2494, -1.26702, 0.724621, GoAhead
-1.23848, -1.25736, 0.724638, GoToPosition
-1.21658, -1.23799, 0.724622, GoAhead
-1.20565, -1.22832, 0.72466, GoAhead
-1.19473, -1.21866, 0.724662, GoToPosition
-1.17282, -1.19929, 0.724648, GoAhead
-1.1619, -1.18963, 0.724648, GoAhead
-1.13636, -1.16704, 0.724621, GoAhead
-1.11449, -1.14768, 0.724627, GoAhead
-1.10719, -1.14122, 0.724664, GoAhead
-1.09261, -1.12831, 0.724636, GoToPosition
-1.08167, -1.11863, 0.724651, GoAhead
-1.07075, -1.10896, 0.724639, GoToPosition
-1.05982, -1.09928, 0.724628, GoAhead
-1.03793, -1.07991, 0.724608, GoAhead
-1.02334, -1.067, 0.724608, GoAhead
-1.01238, -1.0573, 0.724614, GoToPosition
-1.00511, -1.05087, 0.724624, GoAhead
-1.00146, -1.04764, 0.724622, GoAhead
-0.990504, -1.03793, 0.724625, GoToPosition
-0.979549, -1.02824, 0.72461, GoAhead
-0.968623, -1.01858, 0.724603, GoToPosition
-0.957687, -1.0089, 0.72464, GoAhead
-0.935782, -0.989507, 0.724609, GoAhead
-0.910293, -0.966949, 0.724613, GoAhead
-0.888373, -0.94756, 0.724651, GoAhead
-0.866502, -0.928193, 0.724687, GoAhead
-0.840984, -0.905587, 0.724711, GoAhead
-0.819097, -0.886227, 0.724742, GoAhead
-0.808132, -0.876528, 0.72476, GoAhead
-0.789888, -0.860391, 0.724754, GoToPosition
-0.778964, -0.850711, 0.724759, GoAhead
-0.757063, -0.831367, 0.724824, GoAhead
-0.731542, -0.808743, 0.724805, GoToPosition
-0.720586, -0.79905, 0.724825, GoAhead
-0.70964, -0.789359, 0.724847, GoAhead
-0.676835, -0.760298, 0.724859, GoAhead
-0.665869, -0.750592, 0.724831, GoAhead
-0.65127, -0.737673, 0.724839, GoAhead
-0.640316, -0.727978, 0.724825, GoAhead
-0.611179, -0.702176, 0.724893, GoAhead
-0.600227, -0.692489, 0.724903, GoToPosition
-0.578346, -0.673117, 0.724911, GoToPosition
-0.552765, -0.650468, 0.724928, GoAhead
-0.541824, -0.640781, 0.72497, GoAhead
-0.494409, -0.59878, 0.725036, GoAhead
-0.472524, -0.579405, 0.725099, GoAhead
-0.450665, -0.560028, 0.725097, GoAhead
-0.439704, -0.550325, 0.725097, GoAhead
-0.406887, -0.52126, 0.725145, GoToPosition
-0.395957, -0.511574, 0.725133, GoToPosition
-0.377748, -0.495438, 0.725148, GoToPosition
-0.374104, -0.492211, 0.725145, GoAhead
-0.363169, -0.482516, 0.725148, GoToPosition
-0.359518, -0.479282, 0.725128, GoAhead
-0.337649, -0.459914, 0.725124, GoAhead
-0.31577, -0.440525, 0.725094, GoAhead
-0.304819, -0.430828, 0.725066, GoToPosition
-0.293899, -0.421155, 0.725097, GoAhead
-0.27204, -0.40178, 0.725062, GoAhead
-0.261115, -0.392096, 0.725059, GoToPosition
-0.246506, -0.379153, 0.725059, GoAhead
-0.235553, -0.36947, 0.724992, GoToPosition
-0.224636, -0.359784, 0.724954, GoAhead
-0.213698, -0.350097, 0.724936, GoToPosition
-0.202761, -0.340404, 0.724961, GoAhead
-0.191808, -0.3307, 0.724965, GoToPosition
-0.184514, -0.324243, 0.724918, GoAhead
-0.177248, -0.31779, 0.724953, GoToPosition
-0.166301, -0.308102, 0.724957, GoAhead
-0.144421, -0.28873, 0.724946, GoToPosition
-0.133483, -0.279037, 0.724954, GoAhead
-0.126171, -0.272571, 0.72499, GoToPosition
-0.115234, -0.262892, 0.724999, GoAhead
-0.0970163, -0.246749, 0.725041, GoToPosition
-0.0787925, -0.230602, 0.725048, GoAhead
-0.0678612, -0.220921, 0.725048, GoAhead
-0.0423556, -0.198326, 0.725029, GoAhead
-0.0241042, -0.182158, 0.725051, GoToPosition
-0.0131474, -0.172468, 0.725051, GoAhead
0.00872699, -0.153084, 0.725107, GoToPosition
0.0196283, -0.143421, 0.725108, GoAhead
0.0415576, -0.12403, 0.725106, GoToPosition
0.0525127, -0.114329, 0.725106, TurnToAngle
0.0634308, -0.104653, 0.725112, Turn
0.0931061, -0.0785181, 0.766006, TurnToAngle
0.115274, -0.0601117, 0.805565, Turn
0.15826, -0.0205574, 0.885374, GoAhead
0.194908, 0.0185001, 0.923431, GoAhead
0.215785, 0.0459109, 0.923075, GoAhead
0.224604, 0.0575874, 0.923032, GoToPosition
0.233395, 0.0692202, 0.923006, GoAhead
0.251038, 0.0925307, 0.923015, GoAhead
0.268633, 0.11582, 0.922971, GoAhead
0.28628, 0.139142, 0.922928, GoAhead
0.295086, 0.150774, 0.922915, GoToPosition
0.303926, 0.16245, 0.922938, GoAhead
0.312738, 0.174103, 0.922933, GoToPosition
0.324496, 0.18963, 0.922933, GoAhead
0.333302, 0.201284, 0.922858, GoToPosition
0.35098, 0.224616, 0.922836, GoAhead
0.377425, 0.259541, 0.922868, TurnToAngle
0.383296, 0.267317, 0.922873, GoToPosition
0.392119, 0.27895, 0.922849, TurnToAngle
0.40097, 0.290634, 0.922852, Turn
0.421846, 0.318298, 0.917302, GoAhead
0.438186, 0.341294, 0.880644, GoToPosition
0.467724, 0.378445, 0.844004, GoAhead
0.477484, 0.389381, 0.84414, GoToPosition
0.487194, 0.400269, 0.844249, GoAhead
0.496898, 0.411182, 0.844225, GoAhead
0.50335, 0.418443, 0.844267, GoToPosition
0.529241, 0.447568, 0.844216, GoAhead
0.548677, 0.469415, 0.844223, GoAhead
0.564859, 0.487618, 0.844231, GoAhead
0.584292, 0.509467, 0.844219, GoAhead
0.603699, 0.531308, 0.844234, GoAhead
0.613403, 0.542234, 0.844234, GoAhead
0.619868, 0.54949, 0.844273, GoToPosition
0.632807, 0.564077, 0.844273, GoAhead
0.642516, 0.574997, 0.844263, GoToPosition
0.652222, 0.585924, 0.844291, GoAhead
0.671627, 0.607754, 0.844344, GoAhead
0.691019, 0.629585, 0.844398, GoAhead
0.700724, 0.640486, 0.84439, GoToPosition
0.710458, 0.651417, 0.844373, GoToPosition
0.723379, 0.665966, 0.84441, GoToPosition
0.73307, 0.676893, 0.844399, GoToPosition
0.742797, 0.687839, 0.844409, GoToPosition
0.752513, 0.698762, 0.844393, GoAhead
0.762202, 0.709686, 0.844399, GoAhead
0.781623, 0.731532, 0.844488, GoAhead
0.804261, 0.756987, 0.844477, GoAhead
0.823695, 0.778849, 0.844454, GoAhead
0.839864, 0.797056, 0.844434, GoAhead
0.856063, 0.815253, 0.844528, GoToPosition
0.869025, 0.829808, 0.844489, GoAhead
0.875473, 0.837087, 0.84431, GoToPosition
0.888423, 0.851642, 0.844267, GoAhead
0.898117, 0.862573, 0.84427, GoToPosition
0.907836, 0.873476, 0.844245, GoAhead
0.91753, 0.884376, 0.844261, GoToPosition
0.927264, 0.895317, 0.844282, GoAhead
0.936961, 0.906216, 0.844264, GoToPosition
0.946647, 0.917137, 0.844272, GoAhead
0.95633, 0.928037, 0.844272, GoAhead
0.972527, 0.946242, 0.844201, GoToPosition
0.982233, 0.95714, 0.844202, GoAhead
1.00811, 0.986257, 0.844167, GoAhead
1.01779, 0.997162, 0.844186, GoToPosition
1.02752, 1.00809, 0.844232, GoAhead
1.04367, 1.02627, 0.844209, GoToPosition
1.05339, 1.0372, 0.844209, GoAhead
1.06311, 1.04812, 0.844258, GoAhead
1.0728, 1.05902, 0.844351, GoToPosition
1.0825, 1.06995, 0.844351, GoAhead
1.09218, 1.08084, 0.844399, GoAhead
1.1019, 1.09175, 0.844397, GoToPosition
1.12129, 1.1136, 0.844286, GoToPosition
1.14068, 1.1354, 0.84433, GoAhead
1.15039, 1.14632, 0.844374, GoToPosition
1.16007, 1.15721, 0.844374, GoAhead
1.18272, 1.1827, 0.844422, GoAhead
1.2248, 1.23002, 0.84437, GoToPosition
1.23772, 1.24456, 0.84437, GoToPosition
1.25388, 1.26275, 0.844346, GoAhead
1.26358, 1.27365, 0.844336, GoAhead
1.2862, 1.29912, 0.844398, GoAhead
1.30236, 1.31732, 0.844372, GoAhead
1.31854, 1.33552, 0.84441, GoAhead
1.32826, 1.34645, 0.84443, GoToPosition
1.33794, 1.35735, 0.844428, GoAhead
1.35089, 1.37196, 0.844413, GoAhead
1.36063, 1.38288, 0.844413, GoToPosition
1.37033, 1.39381, 0.844386, GoAhead
1.38326, 1.40838, 0.844332, GoAhead
1.39295, 1.41929, 0.844297, GoAhead
1.41561, 1.4448, 0.844504, GoAhead
1.42529, 1.45568, 0.844456, GoAhead
1.43499, 1.46663, 0.844456, GoToPosition
1.45767, 1.49214, 0.844479, GoAhead
1.46735, 1.50304, 0.844494, GoToPosition
1.4803, 1.51763, 0.844492, GoToPosition
1.49003, 1.52857, 0.844476, GoAhead
1.49971, 1.53948, 0.844434, GoToPosition
1.50942, 1.5504, 0.84441, GoAhead
1.52884, 1.57225, 0.84443, TurnToAngle
1.54177, 1.5868, 0.844394, Turn
1.56468, 1.61279, 0.838973, GoToPosition
1.58275, 1.63462, 0.802862, TurnToAngle
1.60822, 1.66307, 0.70933, Turn
1.62836, 1.68341, 0.70933, GoAhead
1.65642, 1.70925, 0.66923, GoAhead
1.67846, 1.72774, 0.582188, GoAhead
1.71274, 1.75295, 0.579681, TurnToAngle
1.72501, 1.76087, 0.579816, Turn
1.75359, 1.77953, 0.58463, TurnToAngle
1.77019, 1.79044, 0.621265, Turn
1.79508, 1.80573, 0.663085, GoToPosition
1.81925, 1.82135, 0.704224, GoAhead
1.85119, 1.84451, 0.704224, GoAhead
1.89266, 1.87876, 0.794498, GoAhead
1.91677, 1.90329, 0.796851, GoAhead
1.94056, 1.92767, 0.796825, GoAhead
1.95076, 1.93813, 0.796853, GoToPosition
1.96096, 1.94856, 0.796791, TurnToAngle
1.97455, 1.96248, 0.796719, Reaction Braitenberg
1.94936, 1.93099, 0.822982, Turn
1.88138, 1.8602, 0.768286, TurnToAngle
1.86908, 1.85041, 0.676337, Turn
1.8589, 1.84907, 0.50566, GoToPosition
1.85541, 1.85391, 0.374436, TurnToAngle
1.85225, 1.8589, 0.374436, Turn
1.84679, 1.87122, 0.117177, Turn
1.84613, 1.8815, -0.258144, TurnToAngle
1.84635, 1.88635, -0.359791, Turn
1.84675, 1.89087, -0.461284, Turn
1.849, 1.90178, -0.5963, GoToPosition
1.85143, 1.9053, -0.693116, TurnToAngle
1.85421, 1.90849, -0.881543, Turn
1.86069, 1.91537, -1.07729, TurnToAngle
1.86335, 1.91785, -1.15053, Turn
1.86914, 1.91962, -1.21424, TurnToAngle
1.87239, 1.92148, -1.27556, Turn
1.87478, 1.92304, -1.35721, GoToPosition
1.87901, 1.92548, -1.46166, TurnToAngle
1.88125, 1.9264, -1.5127, Turn
1.88362, 1.92702, -1.56523, GoToPosition
1.88574, 1.92212, -1.61634, GoToPosition
1.88603, 1.89827, -1.66354, GoAhead
1.88223, 1.84609, -1.73954, TurnToAngle
1.87735, 1.81719, -1.74196, GoToPosition
1.87307, 1.79289, -1.73723, TurnToAngle
1.86711, 1.76471, -1.69923, Turn
1.86185, 1.73563, -1.65715, Turn
1.85706, 1.69641, -1.61524, GoToPosition
1.855, 1.67515, -1.51883, GoAhead
1.85329, 1.67388, -1.51883, GoToPosition
1.85215, 1.65626, -1.46465, GoAhead
1.85378, 1.6417, -1.46522, GoAhead
1.85705, 1.61264, -1.46607, GoAhead
1.86013, 1.58357, -1.46614, GoAhead
1.86166, 1.56903, -1.46614, GoAhead
1.86471, 1.53998, -1.46616, GoAhead
1.86624, 1.52546, -1.46616, GoAhead
1.86726, 1.51577, -1.46615, GoAhead
1.8698, 1.49157, -1.46616, GoAhead
1.87082, 1.48189, -1.46616, GoAhead
1.87234, 1.46736, -1.46617, GoAhead
1.87489, 1.44315, -1.46618, GoToPosition
1.87591, 1.43346, -1.46617, GoAhead
1.87743, 1.41894, -1.46616, GoAhead
1.87896, 1.40441, -1.46618, GoToPosition
1.88049, 1.38988, -1.46619, GoAhead
1.88304, 1.36568, -1.46619, GoToPosition
1.88456, 1.35116, -1.46621, GoAhead
1.88759, 1.32209, -1.4662, GoAhead
1.89013, 1.29788, -1.46621, GoAhead
1.89318, 1.26884, -1.46621, GoAhead
1.89471, 1.25431, -1.4662, GoAhead
1.89927, 1.21074, -1.46623, GoAhead
1.90232, 1.18168, -1.46623, GoAhead
1.90334, 1.172, -1.46626, GoToPosition
1.90487, 1.15748, -1.46626, GoAhead
1.9079, 1.12842, -1.46622, GoAhead
1.91147, 1.09449, -1.46624, GoAhead
1.9145, 1.0654, -1.46623, GoAhead
1.91755, 1.03636, -1.46625, GoToPosition
1.91907, 1.02179, -1.46622, GoToPosition
1.92059, 1.00725, -1.46624, GoToPosition
1.92211, 0.992749, -1.46624, GoAhead
1.92364, 0.978185, -1.46624, GoToPosition
1.92516, 0.963676, -1.46629, GoAhead
1.9267, 0.949103, -1.46629, GoToPosition
1.93128, 0.905508, -1.46628, GoAhead
1.9328, 0.890993, -1.46629, GoToPosition
1.93483, 0.871607, -1.4663, GoAhead
1.93585, 0.861901, -1.46632, GoToPosition
1.93888, 0.832852, -1.46629, GoAhead
1.94041, 0.818338, -1.46629, GoAhead
1.94193, 0.803793, -1.46628, GoToPosition
1.94345, 0.78925, -1.46629, GoAhead
1.94447, 0.779551, -1.46629, GoToPosition
1.94599, 0.765001, -1.46632, GoAhead
1.94751, 0.750451, -1.46634, GoToPosition
1.94854, 0.740773, -1.46637, GoAhead
1.95006, 0.726241, -1.46638, GoToPosition
1.95159, 0.711673, -1.46638, GoAhead
1.9531, 0.697178, -1.46637, GoAhead
1.95614, 0.668129, -1.46637, GoAhead
1.95867, 0.643863, -1.46638, GoToPosition
1.96019, 0.629335, -1.46636, GoAhead
1.9617, 0.614807, -1.46631, GoToPosition
1.96322, 0.600266, -1.46631, GoAhead
1.96473, 0.585755, -1.46635, GoAhead
1.96574, 0.576054, -1.46634, GoAhead
1.96828, 0.551856, -1.46633, GoAhead
1.9698, 0.5373, -1.46633, GoAhead
1.97131, 0.522787, -1.46634, GoAhead
1.97436, 0.493697, -1.46634, GoAhead
1.9764, 0.47433, -1.46636, GoToPosition
1.97742, 0.464673, -1.46635, GoAhead
1.97893, 0.45012, -1.46633, GoAhead
1.98247, 0.416192, -1.4663, GoAhead
1.98551, 0.387166, -1.46629, GoAhead
1.98855, 0.358074, -1.46629, GoAhead
1.98955, 0.34836, -1.46629, GoToPosition
1.99108, 0.333854, -1.46629, TurnToAngle
1.9921, 0.324131, -1.46629, Turn
1.99465, 0.299898, -1.46635, GoToPosition
2.00475, 0.213693, -1.54831, GoToPosition
2.00638, 0.155662, -1.68224, GoAhead
2.00553, 0.126597, -1.7167, GoToPosition
2.00406, 0.103362, -1.71933, TurnToAngle
2.00208, 0.0887306, -1.71912, Turn
1.99985, 0.0743069, -1.71891, GoToPosition
1.99599, 0.0497096, -1.67868, TurnToAngle
1.9908, 0.021369, -1.63839, Turn
1.98627, -0.00769713, -1.63839, GoToPosition
1.98311, -0.0365696, -1.59893, GoAhead
1.98104, -0.0656305, -1.5568, GoToPosition
1.98013, -0.0898001, -1.52146, GoAhead
1.98116, -0.1096, -1.51831, GoToPosition
1.98196, -0.124184, -1.51848, GoAhead
1.98276, -0.138787, -1.51852, GoToPosition
1.98354, -0.153436, -1.51854, GoAhead
1.9843, -0.168038, -1.51855, GoToPosition
1.98531, -0.18748, -1.51854, GoAhead
1.98608, -0.202062, -1.51853, GoToPosition
1.98684, -0.216671, -1.51853, GoAhead
1.9876, -0.231297, -1.51853, GoToPosition
1.98861, -0.250725, -1.51852, GoAhead
1.98937, -0.265343, -1.51854, GoAhead
1.98987, -0.275083, -1.51854, GoAhead
1.99065, -0.289651, -1.51854, GoToPosition
1.99115, -0.299384, -1.51853, GoAhead
1.99165, -0.309127, -1.51853, GoAhead
1.99268, -0.328571, -1.51853, GoAhead
1.99421, -0.35777, -1.51856, GoToPosition
1.99498, -0.372388, -1.51856, GoAhead
1.9965, -0.401557, -1.51857, GoAhead
1.99827, -0.435586, -1.51859, GoToPosition
1.99902, -0.450198, -1.51859, GoAhead
1.99979, -0.464791, -1.51868, GoToPosition
2.00055, -0.479382, -1.51872, GoAhead
2.00155, -0.498829, -1.51872, GoToPosition
2.0023, -0.513436, -1.51873, GoAhead
2.00483, -0.562103, -1.51872, GoAhead
2.0056, -0.576679, -1.51872, GoToPosition
2.00787, -0.620495, -1.51874, GoAhead
2.01039, -0.669174, -1.51878, GoAhead
2.01114, -0.683746, -1.51878, GoToPosition
2.01189, -0.698335, -1.51874, GoAhead
2.01441, -0.747006, -1.51878, GoToPosition
2.01517, -0.761604, -1.51874, GoAhead
2.01594, -0.776193, -1.51874, GoToPosition
2.01695, -0.795656, -1.51875, GoAhead
2.0177, -0.810261, -1.51876, GoToPosition
2.01921, -0.83947, -1.51874, GoToPosition
2.02096, -0.873485, -1.51875, GoToPosition
2.02247, -0.902669, -1.51876, GoAhead
2.02347, -0.922141, -1.51877, GoAhead
2.02423, -0.936708, -1.51878, GoToPosition
2.02852, -1.01941, -1.51883, GoAhead
2.03001, -1.04861, -1.51884, GoAhead
2.03101, -1.06808, -1.51884, Reaction Braitenberg
2.03177, -1.0827, -1.51884, Reaction Braitenberg
2.03925, -1.13048, -1.70692, GoToPosition
2.0404, -1.13561, -1.72592, GoAhead
2.04038, -1.14215, -1.729, GoToPosition
2.03836, -1.15622, -1.72845, TurnToAngle
2.03674, -1.16585, -1.72827, Turn
2.0344, -1.18027, -1.72373, GoToPosition
2.03106, -1.20001, -1.68727, TurnToAngle
2.02562, -1.22809, -1.64734, Turn
2.01964, -1.26648, -1.60785, GoToPosition
2.01667, -1.29508, -1.60785, GoAhead
2.01479, -1.32403, -1.56907, GoToPosition
2.01401, -1.34198, -1.529, GoAhead
2.01432, -1.36331, -1.51752, GoToPosition
2.0152, -1.37791, -1.51765, GoAhead
2.01863, -1.44121, -1.51778, GoToPosition
2.01942, -1.45579, -1.51779, GoAhead
2.0212, -1.48983, -1.51781, GoAhead
2.02197, -1.50443, -1.51779, GoToPosition
2.02275, -1.51902, -1.51782, GoAhead
2.02351, -1.5336, -1.51784, GoToPosition
2.02429, -1.5482, -1.51783, TurnToAngle
2.02506, -1.56281, -1.51782, Turn
2.02608, -1.58223, -1.51782, GoToPosition
2.02729, -1.60238, -1.51829, TurnToAngle
2.02895, -1.62109, -1.5467, Turn
2.0298, -1.63063, -1.60122, GoToPosition
2.03139, -1.65906, -1.64217, GoAhead
2.03172, -1.68787, -1.67383, GoToPosition
2.03113, -1.71117, -1.67558, GoAhead
2.0292, -1.73078, -1.6754, GoToPosition
2.02763, -1.74531, -1.67537, GoAhead
2.02453, -1.77439, -1.67534, GoToPosition
2.02249, -1.79375, -1.67534, GoAhead
2.02097, -1.8083, -1.67533, GoToPosition
2.01945, -1.82284, -1.67532, GoAhead
2.01742, -1.84223, -1.6753, GoToPosition
2.01639, -1.85191, -1.67531, GoAhead
2.01282, -1.88582, -1.67533, GoAhead
2.01129, -1.90035, -1.67531, GoToPosition
2.00976, -1.91485, -1.67533, GoAhead
2.00823, -1.92941, -1.67463, Reaction Braitenberg
2.00763, -1.93483, -1.67857, Reaction Braitenberg
2.00888, -1.92492, -1.70374, TurnToAngle
2.01525, -1.89247, -1.72971, TurnToAngle
2.01717, -1.88546, -1.73794, Turn
2.01931, -1.87674, -1.75474, TurnToAngle
2.02388, -1.8727, -1.83931, Turn
2.0361, -1.87604, -2.12343, GoToPosition
2.04087, -1.87877, -2.2444, TurnToAngle
2.04464, -1.88283, -2.36969, Turn
2.04651, -1.88601, -2.45094, GoToPosition
2.04841, -1.89123, -2.56709, TurnToAngle
2.05022, -1.8956, -2.67124, Turn
2.05161, -1.90017, -2.77579, GoToPosition
2.05144, -1.90506, -2.87802, TurnToAngle
2.05215, -1.90942, -2.97692, Turn
2.05293, -1.9138, -3.07526, GoToPosition
2.05244, -1.91799, 3.11572, TurnToAngle
2.05079, -1.92196, 3.02752, Turn
2.04888, -1.9257, 2.93968, GoToPosition
2.04727, -1.9289, 2.86185, TurnToAngle
2.04628, -1.93092, 2.81143, Turn
2.04451, -1.93367, 2.73737, GoToPosition
2.04253, -1.93612, 2.66937, TurnToAngle
2.04069, -1.93829, 2.60754, Turn
2.03937, -1.93977, 2.54492, GoToPosition
2.03739, -1.9416, 2.50955, TurnToAngle
2.0355, -1.94318, 2.45593, Turn
2.03404, -1.94524, 2.39842, GoToPosition
2.03296, -1.94743, 2.34693, GoAhead
2.03173, -1.94931, 2.29792, GoToPosition
2.02756, -1.94738, 2.25434, GoAhead
2.0188, -1.93721, 2.24651, GoToPosition
2.00968, -1.92577, 2.24659, TurnToAngle
2.00056, -1.91429, 2.24689, Turn
1.99451, -1.90659, 2.24706, GoToPosition
1.98728, -1.89741, 2.2477, TurnToAngle
1.97051, -1.87539, 2.27586, Turn
1.95279, -1.8522, 2.31868, GoToPosition
1.93391, -1.82989, 2.36055, GoAhead
1.91432, -1.80871, 2.4012, GoToPosition
1.8979, -1.79211, 2.43391, GoAhead
1.88676, -1.78242, 2.43581, GoToPosition
1.87566, -1.77307, 2.43561, GoAhead
1.86456, -1.76362, 2.43543, GoToPosition
1.85344, -1.75415, 2.43534, GoAhead
1.84232, -1.74467, 2.4353, GoToPosition
1.83123, -1.73522, 2.43529, GoAhead
1.8201, -1.72573, 2.43534, GoToPosition
1.80896, -1.71624, 2.43533, GoAhead
1.79787, -1.70677, 2.4353, GoToPosition
1.78675, -1.69729, 2.43528, GoAhead
1.77563, -1.68781, 2.4353, GoToPosition
1.76451, -1.67833, 2.4353, GoToPosition
1.75561, -1.67033, 2.4445, GoToPosition
1.75164, -1.666, 2.46176, GoToPosition
1.74887, -1.6622, 2.49195, GoToPosition
1.75295, -1.66199, 2.55268, GoToPosition
1.75618, -1.66164, 2.59855, TurnToAngle
1.76147, -1.66103, 2.66755, Turn
1.76641, -1.66017, 2.7344, GoToPosition
1.76608, -1.65709, 2.80039, TurnToAngle
1.75181, -1.65064, 2.83845, Turn
1.72763, -1.64376, 2.82397, GoToPosition
